	flipping_False_Negative	flipping_False_Positive	flipping_NA_to_0	flipping_NA_to_1
2_113547098_C_G	1	0	0	0
4_171901716_C_T	0	0	0	0
11_130790503_G_A	0	0	0	0
X_70632344_G_A	0	0	3	0
8_23437628_G_A	0	0	0	0
9_103459386_G_A	0	0	0	0
20_13387559_C_T	0	0	0	0
6_9290383_C_T	0	0	0	0
5_152500272_C_A	0	0	0	0
6_135159748_C_T	0	0	0	0
2_22478421_A_G	0	0	0	0
11_14868899_A_T	0	0	0	0
7_122592074_G_T	0	0	0	0
7_68820962_G_A	0	0	1	0
4_171339863_A_G	0	0	0	0
4_154649455_C_T	0	0	0	0
18_69229857_A_G	0	0	0	0
12_52644508_C_T	0	0	1	0
3_78810108_T_A	0	0	0	0
X_135442114_T_G	0	0	1	0
2_26914023_G_A	0	0	0	0
8_127028930_G_A	0	0	0	0
8_50806767_T_A	0	0	0	0
2_90035452_T_G	0	0	0	0
16_19272604_T_A	1	0	0	0
8_135332005_A_C	0	0	0	0
5_3926977_C_G	0	0	0	0
3_20458612_C_T	0	0	0	0
5_156493734_T_C	1	0	0	0
20_44421717_C_T	0	0	0	0
9_111593369_C_A	0	0	1	0
1_43118884_G_T	0	0	0	0
10_4300581_C_T	0	0	0	0
2_13164292_G_A	0	0	0	0
13_83571215_G_A	0	0	0	0
11_119390339_C_T	0	0	0	0
7_17623547_C_T	0	0	0	0
7_5923825_G_A	0	0	1	0
17_53347250_A_G	0	0	1	0
12_122338500_A_C	1	0	0	0
2_84862977_C_T	0	1	0	0
X_138790531_G_A	0	0	0	0
6_4936481_G_A	0	0	0	0
1_93642449_G_A	0	0	0	0
3_18578000_G_T	0	1	0	0
20_165000_A_G	0	0	0	0
8_35604654_T_C	0	0	1	0
9_4449186_G_A	0	0	0	0
11_28736674_C_A	0	0	0	0
19_36435211_C_T	0	0	3	0
8_40724674_G_A	0	0	0	0
7_37243283_C_A	0	0	0	0
7_116040833_G_A	0	0	0	0
5_101967456_C_T	0	0	0	0
17_19757596_A_T	0	0	0	0
4_147086331_T_C	0	0	0	0
4_103239841_A_T	0	0	1	0
4_170816788_G_A	0	0	0	0
16_62830915_C_T	0	0	0	0
11_56099914_C_T	0	0	0	0
7_3867983_A_C	0	0	0	0
18_68053436_G_A	0	0	0	0
16_83107928_G_A	0	0	0	0
5_4257259_C_A	0	0	0	0
9_76779133_T_G	0	0	0	0
11_73504764_G_C	0	0	0	0
14_77788823_G_A	0	0	1	0
8_79504201_G_A	0	0	0	0
7_25690508_G_A	0	0	0	0
3_139797361_G_A	0	0	0	0
20_57865731_C_T	0	0	0	0
1_106340339_G_T	0	0	0	0
19_38404452_C_T	0	0	2	0
12_58058137_C_T	0	0	0	0
1_212476040_A_G	0	0	0	0
5_72979186_C_T	0	0	1	0
11_40316580_C_T	1	0	1	0
5_154234034_G_A	0	1	1	0
