	flipping_False_Negative	flipping_False_Positive	flipping_NA_to_0	flipping_NA_to_1
chr17_49861923_C_T	3	0	294	9
chr7_35905215_C_T	0	0	208	0
chr1_39034563_T_A	26	1	103	24
chr10_78040695_T_C	46	0	105	19
chr19_39433213_A_G	63	0	124	18
chr13_20222055_G_A	23	0	186	4
chr11_65426524_T_C	9	1	159	1
chrM_14523_T_C	0	0	191	0
chr3_48444164_C_T	0	0	230	0
chr13_94437452_G_A	0	2	291	0
chr22_22901226_C_G	8	0	156	1
chr14_106276537_C_G	0	0	290	0
chr22_22906554_C_T	1	1	288	1
chr22_22901149_T_G	0	1	252	0
chr22_22895504_C_A	0	0	320	0
chr19_35487721_G_A	10	1	50	2
chr1_86862957_G_A	0	0	288	0
